{
  "advancedEditorSelectedIdentifier" : "ProjectBrowser",
  "openSceneRelativePaths" : [
    "Immersive.usda",
    "Scene.usda",
    "Sceneearth.usda"
  ],
  "recentIdentifiers" : {
    "D66134B1-3681-4A8E-AFE5-29F257229F3B" : [

    ]
  },
  "sceneCameraHistory" : {
    "62AFF9B7-2991-4C86-89EE-8289AD868150" : [
      {
        "date" : 720196366.63855,
        "title" : "Untitled",
        "transform" : [
          0.9998145,
          0.0010021722,
          -0.01923736,
          0,
          -0.019037835,
          -0.10098743,
          -0.9947056,
          0,
          -0.0029395975,
          0.9948872,
          -0.1009496,
          0,
          -0.08479041,
          2.2659764,
          -0.79514956,
          1
        ]
      },
      {
        "date" : 720196356.754199,
        "title" : "Untitled",
        "transform" : [
          0.9998145,
          0.0010021722,
          -0.01923736,
          0,
          -0.019037835,
          -0.10098743,
          -0.9947056,
          0,
          -0.0029395975,
          0.9948872,
          -0.1009496,
          0,
          -0.11837413,
          2.290661,
          -0.55089724,
          1
        ]
      },
      {
        "date" : 720196350.10537,
        "title" : "Untitled",
        "transform" : [
          0.9998372,
          0.0017313148,
          -0.017961627,
          0,
          -0.017941205,
          -0.0111656785,
          -0.99977666,
          0,
          -0.0019314818,
          0.99993616,
          -0.011132799,
          0,
          -0.11777656,
          2.2866278,
          -0.45066217,
          1
        ]
      },
      {
        "date" : 720196341.923445,
        "title" : "Untitled",
        "transform" : [
          0.8947351,
          -3.9970756e-09,
          -0.4465973,
          0,
          -0.09614533,
          0.9765515,
          -0.19262232,
          0,
          0.43612525,
          0.21528418,
          0.87375486,
          0,
          0.39269653,
          1.3055326,
          0.50398993,
          1
        ]
      },
      {
        "date" : 720196329.023911,
        "title" : "Untitled",
        "transform" : [
          0.8947351,
          -3.9970756e-09,
          -0.4465973,
          0,
          -0.09614533,
          0.9765515,
          -0.19262232,
          0,
          0.43612525,
          0.21528418,
          0.87375486,
          0,
          0.16794164,
          1.3331367,
          0.012140319,
          1
        ]
      },
      {
        "date" : 720196326.044997,
        "title" : "Untitled",
        "transform" : [
          0.8947351,
          -3.9970756e-09,
          -0.4465973,
          0,
          -0.09614533,
          0.9765515,
          -0.19262232,
          0,
          0.43612525,
          0.21528418,
          0.87375486,
          0,
          0.18986344,
          1.3037881,
          -0.112575114,
          1
        ]
      },
      {
        "date" : 720196324.191551,
        "title" : "Untitled",
        "transform" : [
          0.89473504,
          -9.479033e-09,
          -0.44659728,
          0,
          -0.09614531,
          0.9765515,
          -0.19262232,
          0,
          0.43612522,
          0.21528418,
          0.8737548,
          0,
          0.46109396,
          1.17815,
          0.9748294,
          1
        ]
      },
      {
        "date" : 720196320.558127,
        "title" : "Untitled",
        "transform" : [
          0.89531356,
          -9.479033e-09,
          -0.44543642,
          0,
          -0.0958954,
          0.9765515,
          -0.19274686,
          0,
          0.4349916,
          0.21528418,
          0.87431973,
          0,
          0.76716655,
          1.1464301,
          1.9813404,
          1
        ]
      },
      {
        "date" : 720196318.607798,
        "title" : "Untitled",
        "transform" : [
          0.89531356,
          -9.479033e-09,
          -0.44543642,
          0,
          -0.0958954,
          0.9765515,
          -0.19274686,
          0,
          0.4349916,
          0.21528418,
          0.87431973,
          0,
          0.67750233,
          1.2347684,
          2.004199,
          1
        ]
      },
      {
        "date" : 720196316.02466,
        "title" : "Untitled",
        "transform" : [
          0.89531356,
          -9.479033e-09,
          -0.44543642,
          0,
          -0.0958954,
          0.9765515,
          -0.19274686,
          0,
          0.4349916,
          0.21528418,
          0.87431973,
          0,
          0.311902,
          1.6587973,
          2.0816839,
          1
        ]
      }
    ],
    "AF09ED6F-1707-48FD-8720-65B998362C09" : [
      {
        "date" : 720175131.811206,
        "title" : "Untitled",
        "transform" : [
          0.5279731,
          3.4573272e-08,
          0.8492611,
          0,
          0.80563307,
          0.31639293,
          -0.50085026,
          0,
          -0.26870024,
          0.9486283,
          0.16704696,
          0,
          -4.0219297,
          8.097364,
          2.7209349,
          1
        ]
      },
      {
        "date" : 720175018.312602,
        "title" : "Untitled",
        "transform" : [
          0.5279731,
          3.4573272e-08,
          0.8492611,
          0,
          0.80563307,
          0.31639293,
          -0.50085026,
          0,
          -0.26870024,
          0.9486283,
          0.16704696,
          0,
          -2.8869438,
          8.539139,
          2.0378351,
          1
        ]
      },
      {
        "date" : 720175009.394778,
        "title" : "Untitled",
        "transform" : [
          1,
          0,
          0,
          0,
          0,
          0.8660161,
          -0.50001615,
          0,
          0,
          0.50001615,
          0.8660161,
          0,
          2.0325627,
          11.793308,
          34.561428,
          1
        ]
      },
      {
        "date" : 720175008.011582,
        "title" : "Untitled",
        "transform" : [
          1,
          0,
          0,
          0,
          0,
          0.8660161,
          -0.50001615,
          0,
          0,
          0.50001615,
          0.8660161,
          0,
          2.0325627,
          15.090876,
          40.27285,
          1
        ]
      },
      {
        "date" : 720172698.353706,
        "title" : "Untitled",
        "transform" : [
          1,
          0,
          -0,
          0,
          -0,
          0.8660161,
          -0.50001615,
          0,
          0,
          0.50001615,
          0.8660161,
          0,
          0,
          68.69661,
          116.86869,
          1
        ]
      }
    ],
    "D66134B1-3681-4A8E-AFE5-29F257229F3B" : [
      {
        "date" : 720175274.687653,
        "title" : "Untitled",
        "transform" : [
          0.9814164,
          -1.6751973e-09,
          -0.19189028,
          0,
          -0.07385846,
          0.9229585,
          -0.37774664,
          0,
          0.17710672,
          0.3848996,
          0.90580654,
          0,
          0.11469391,
          0.08508432,
          0.4102572,
          1
        ]
      },
      {
        "date" : 720174995.91173,
        "title" : "Untitled",
        "transform" : [
          0.9818212,
          -1.6751973e-09,
          -0.1898083,
          0,
          -0.07305711,
          0.9229585,
          -0.37790245,
          0,
          0.17518514,
          0.3848996,
          0.90618014,
          0,
          0.10741292,
          0.072828695,
          0.38133064,
          1
        ]
      },
      {
        "date" : 720174970.597433,
        "title" : "Untitled",
        "transform" : [
          0.9818212,
          -1.6751973e-09,
          -0.1898083,
          0,
          -0.07305711,
          0.9229585,
          -0.37790245,
          0,
          0.17518514,
          0.3848996,
          0.90618014,
          0,
          0.0950679,
          0.055085532,
          0.3411566,
          1
        ]
      },
      {
        "date" : 720174289.919421,
        "title" : "Untitled",
        "transform" : [
          0.3388059,
          1.6022015e-09,
          -0.9408563,
          0,
          -0.52087265,
          0.8327724,
          -0.18756825,
          0,
          0.7835191,
          0.5536156,
          0.28214824,
          0,
          0.28945214,
          0.11805496,
          0.070100725,
          1
        ]
      },
      {
        "date" : 720174000.835324,
        "title" : "Untitled",
        "transform" : [
          0.3388059,
          1.6022015e-09,
          -0.9408563,
          0,
          -0.52087265,
          0.8327724,
          -0.18756825,
          0,
          0.7835191,
          0.5536156,
          0.28214824,
          0,
          0.30575728,
          0.13100733,
          -0.0005927272,
          1
        ]
      },
      {
        "date" : 720173996.709636,
        "title" : "Untitled",
        "transform" : [
          0.99991363,
          -2.309446e-10,
          0.013136433,
          0,
          0.003130054,
          0.97119814,
          -0.2382522,
          0,
          -0.012758082,
          0.2382728,
          0.97111434,
          0,
          0.05794537,
          0.009697109,
          0.3488798,
          1
        ]
      },
      {
        "date" : 720173992.035935,
        "title" : "Untitled",
        "transform" : [
          0.99992394,
          7.250034e-11,
          -0.012328789,
          0,
          -0.0061643934,
          0.8660254,
          -0.49996185,
          0,
          0.010677045,
          0.49999988,
          0.8659596,
          0,
          0.06696912,
          0.11040892,
          0.29360363,
          1
        ]
      },
      {
        "date" : 720173985.486259,
        "title" : "Untitled",
        "transform" : [
          0.99992394,
          7.250034e-11,
          -0.012328789,
          0,
          -0.0061643934,
          0.8660254,
          -0.49996185,
          0,
          0.010677045,
          0.49999988,
          0.8659596,
          0,
          0.049025133,
          0.059347615,
          0.22348943,
          1
        ]
      },
      {
        "date" : 720173965.653999,
        "title" : "Untitled",
        "transform" : [
          0.99992394,
          7.250034e-11,
          -0.012328789,
          0,
          -0.0061643934,
          0.8660254,
          -0.49996185,
          0,
          0.010677045,
          0.49999988,
          0.8659596,
          0,
          0.027185349,
          0.2978252,
          0.23189019,
          1
        ]
      },
      {
        "date" : 720173957.65437,
        "title" : "Untitled",
        "transform" : [
          0.99992394,
          7.250034e-11,
          -0.012328789,
          0,
          -0.0061643934,
          0.8660254,
          -0.49996185,
          0,
          0.010677045,
          0.49999988,
          0.8659596,
          0,
          0.026953164,
          0.28695214,
          0.21305893,
          1
        ]
      }
    ]
  },
  "selectedSceneRelativePath" : "Sceneearth.usda"
}