{
  "advancedEditorSelectedIdentifier" : "ProjectBrowser",
  "openSceneRelativePaths" : [
    "Scene.usda"
  ],
  "recentIdentifiers" : {

  },
  "sceneCameraHistory" : {
    "2A63B803-86EC-4C43-BB1D-DE888DEAE80E" : [
      {
        "date" : 720177928.235254,
        "title" : "Untitled",
        "transform" : [
          0.99075884,
          -1.4413843e-09,
          0.13563506,
          0,
          0.031214964,
          0.97315764,
          -0.22801255,
          0,
          -0.1319943,
          0.2301393,
          0.96416456,
          0,
          -0.028942473,
          0.16572595,
          0.34816948,
          1
        ]
      },
      {
        "date" : 720177896.63451,
        "title" : "Untitled",
        "transform" : [
          0.99075884,
          -1.4413843e-09,
          0.13563506,
          0,
          0.031214964,
          0.97315764,
          -0.22801255,
          0,
          -0.1319943,
          0.2301393,
          0.96416456,
          0,
          0.0065273345,
          0.115788035,
          0.36494514,
          1
        ]
      },
      {
        "date" : 720177885.287057,
        "title" : "Untitled",
        "transform" : [
          0.99075884,
          -1.4413843e-09,
          0.13563506,
          0,
          0.031214964,
          0.97315764,
          -0.22801255,
          0,
          -0.1319943,
          0.2301393,
          0.96416456,
          0,
          -0.04692751,
          0.04154276,
          0.37534896,
          1
        ]
      },
      {
        "date" : 720177878.637901,
        "title" : "Untitled",
        "transform" : [
          0.99075884,
          -1.4413843e-09,
          0.13563506,
          0,
          0.031214964,
          0.97315764,
          -0.22801255,
          0,
          -0.1319943,
          0.2301393,
          0.96416456,
          0,
          -0.09840071,
          0.0140776,
          0.35795453,
          1
        ]
      },
      {
        "date" : 720177868.465877,
        "title" : "Untitled",
        "transform" : [
          1,
          0,
          0,
          0,
          0,
          0.8660254,
          -0.5,
          0,
          0,
          0.5,
          0.8660254,
          0,
          -0.030031465,
          0.16161881,
          0.36001584,
          1
        ]
      },
      {
        "date" : 720177740.046086,
        "title" : "Untitled",
        "transform" : [
          1,
          0,
          -0,
          0,
          -0,
          0.8660254,
          -0.5,
          0,
          0,
          0.5,
          0.8660254,
          0,
          0,
          0.19629614,
          0.3399949,
          1
        ]
      }
    ]
  }
}