{
  "advancedEditorSelectedIdentifier" : "ProjectBrowser",
  "openSceneRelativePaths" : [
    "Scene.usda"
  ],
  "recentIdentifiers" : {

  },
  "sceneCameraHistory" : {
    "E5FC0D47-94F7-4051-8995-469FD3E4D45E" : [
      {
        "date" : 720193995.386194,
        "title" : "Untitled",
        "transform" : [
          0.9994641,
          2.8838998e-10,
          0.032733314,
          0,
          0.02033604,
          0.78360105,
          -0.6209313,
          0,
          -0.025649862,
          0.6212643,
          0.78318113,
          0,
          0.13368322,
          0.8816669,
          1.2035066,
          1
        ]
      },
      {
        "date" : 720193944.884938,
        "title" : "Untitled",
        "transform" : [
          0.9994641,
          2.8838998e-10,
          0.032733314,
          0,
          0.02033604,
          0.78360105,
          -0.6209313,
          0,
          -0.025649862,
          0.6212643,
          0.78318113,
          0,
          -0.047809705,
          0.91496193,
          1.1711513,
          1
        ]
      },
      {
        "date" : 720193937.45191,
        "title" : "Untitled",
        "transform" : [
          0.9994641,
          2.8838998e-10,
          0.032733314,
          0,
          0.02033604,
          0.78360105,
          -0.6209313,
          0,
          -0.025649862,
          0.6212643,
          0.78318113,
          0,
          0.06583892,
          1.2445505,
          0.91342485,
          1
        ]
      },
      {
        "date" : 720193914.768897,
        "title" : "Untitled",
        "transform" : [
          0.9994641,
          2.8838998e-10,
          0.032733314,
          0,
          0.02033604,
          0.78360105,
          -0.6209313,
          0,
          -0.025649862,
          0.6212643,
          0.78318113,
          0,
          -0.014873603,
          0.36025298,
          0.45414388,
          1
        ]
      },
      {
        "date" : 720193899.535502,
        "title" : "Untitled",
        "transform" : [
          1,
          0,
          0,
          0,
          0,
          0.8660254,
          -0.5,
          0,
          0,
          0.5,
          0.8660254,
          0,
          0,
          0.28993538,
          0.50218284,
          1
        ]
      },
      {
        "date" : 720193895.820245,
        "title" : "Untitled",
        "transform" : [
          1,
          0,
          -0,
          0,
          -0,
          0.8660254,
          -0.5,
          0,
          0,
          0.5,
          0.8660254,
          0,
          0,
          0.19629614,
          0.3399949,
          1
        ]
      }
    ]
  }
}